#   E (cm^-1)			g	stage
	0.0               		1	0
	16.41671371459961 		3	0
	43.413455963134766		5	0
	10192.6572265625  		5	0
	21648.029296875   		1	0
	33735.12109375    		5	0
	60333.44921875    		1	0
	60352.66015625    		3	0
	60393.16796875    		5	0
	61981.83203125    		3	0
	64086.96875       		7	0
	64089.8984375     		3	0
	64090.9921875     		5	0
	68856.3515625     		3	0
	69689.4921875     		3	0
	69710.6875        		5	0
	69744.0546875     		7	0
	70743.96875       		3	0
	71352.546875      		1	0
	71364.9375        		3	0
	71385.40625       		5	0
	72610.734375      		5	0
	73975.9296875     		1	0
	75254.0           		3	0
	75255.296875      		5	0
	75256.171875      		1	0
	77679.8359375     		5	0
	78105.0           		1	0
	78116.7734375     		3	0
	78148.109375      		5	0
	78199.09375       		5	0
	78215.5390625     		7	0
	78249.96875       		9	0
	78293.515625      		3	0
	78307.6484375     		5	0
	78318.265625      		7	0
	78340.296875      		3	0
	78529.6484375     		7	0
	78731.296875      		3	0
	79310.8671875     		5	0
	79318.8125        		3	0
	79323.1875        		1	0
	80562.8828125     		3	0
	80782.4453125     		3	0
	80801.2890625     		5	0
	80834.625         		7	0
	81105.0625        		3	0
	81311.0546875     		1	0
	81325.8125        		3	0
	81344.0546875     		5	0
	81769.8671875     		5	0
	82251.8203125     		1	0
	83497.5859375     		5	0
	83740.09375       		1	0
	83747.4296875     		5	0
	83752.4375        		3	0
	83761.2734375     		7	0
	83791.0859375     		5	0
	83798.6171875     		9	0
	83820.15625       		3	0
	83838.0703125     		5	0
	83848.8671875     		7	0
	83877.3046875     		3	0
	83919.6640625     		7	0
	83919.7734375     		5	0
	83926.2265625     		7	0
	83926.421875      		9	0
	83947.2265625     		7	0
	83986.21875       		7	0
	83986.4921875     		9	0
	84013.2734375     		7	0
	84013.4296875     		5	0
	84015.875         		11	0
	84016.2734375     		9	0
	84032.1484375     		3	0
	84036.328125      		3	0
	84036.4453125     		5	0
	84103.125         		5	0
	84116.1171875     		3	0
	84121.2265625     		1	0
	84851.46875       		3	0
	84935.359375      		3	0
	84950.40625       		5	0
	84985.0           		7	0
	85169.65625       		1	0
	85188.96875       		3	0
	85203.671875      		5	0
	85399.8359375     		5	0
	85625.1875        		1	0
	86185.234375      		5	0
	86317.6875        		5	0
	86321.96875       		1	0
	86327.1875        		7	0
	86331.6484375     		3	0
	86362.5390625     		3	0
	86369.3828125     		9	0
	86369.625         		5	0
	86389.421875      		5	0
	86397.828125      		7	0
	86412.03125       		7	0
	86412.1328125     		5	0
	86414.5625        		7	0
	86414.765625      		9	0
	86416.578125      		3	0
	86426.7890625     		7	0
	86426.7890625     		9	0
	86427.2578125     		11	0
	86427.2578125     		9	0
	86449.2109375     		7	0
	86469.546875      		7	0
	86469.7265625     		9	0
	86482.671875      		7	0
	86482.796875      		5	0
	86485.59375       		9	0
	86485.59375       		11	0
	86488.0234375     		11	0
	86488.359375      		9	0
	86489.6328125     		7	0
	86489.6328125     		9	0
	86491.4375        		3	0
	86494.8515625     		11	0
	86494.8515625     		13	0
	86498.421875      		5	0
	86498.421875      		7	0
	86498.5234375     		3	0
	86498.75          		5	0
	86506.7109375     		5	0
	86519.5078125     		3	0
	86523.1875        		1	0
	86912.890625      		3	0
	86956.1796875     		3	0
	86965.4921875     		5	0
	87002.3125        		7	0
	87077.3984375     		1	0
	87103.1328125     		3	0
	87113.2421875     		5	0
	87218.2734375     		5	0
	87341.046875      		1	0
	87633.7734375     		5	0
	87708.21875       		5	0
	87711.390625      		1	0
	87713.421875      		7	0
	87718.5859375     		3	0
	87735.328125      		3	0
	87753.765625      		5	0
	87760.6328125     		9	0
	87762.1484375     		7	0
	87762.2265625     		5	0
	87763.140625      		9	0
	87763.2109375     		7	0
	87769.9609375     		9	0
	87769.9609375     		7	0
	87770.2890625     		11	0
	87770.2890625     		9	0
	87771.359375      		9	0
	87771.359375      		11	0
	87771.3671875     		11	0
	87771.3671875     		13	0
	87773.109375      		5	0
	87777.1796875     		7	0
	87789.6484375     		3	0
	87806.953125      		7	0
	87819.9609375     		7	0
	87820.046875      		9	0
	87826.9921875     		7	0
	87827.046875      		5	0
	87829.4609375     		9	0
	87829.46875       		11	0
	87830.1796875     		3	0
	87831.296875      		11	0
	87831.5           		9	0
	87832.34375       		7	0
	87832.3515625     		9	0
	87832.5703125     		5	0
	87833.09375       		11	0
	87833.09375       		13	0
	87833.9609375     		11	0
	87833.9609375     		9	0
	87835.640625      		13	0
	87835.640625      		11	0
	87836.046875      		13	0
	87836.0546875     		15	0
	87837.1328125     		7	0
	87837.1328125     		9	0
	87837.7578125     		3	0
	87837.7578125     		5	0
	87837.8046875     		7	0
	87837.8046875     		5	0
	87843.9296875     		3	0
	87845.1015625     		1	0
	88061.34375       		3	0
	88092.0           		3	0
	88096.0625        		5	0
	88135.84375       		7	0
	88159.9296875     		1	0
	88192.34375       		3	0
	88198.203125      		5	0
	88260.3828125     		5	0
	88333.9921875     		1	0
	88498.6328125     		5	0
	88543.5           		5	0
	88543.78125       		1	0
	88545.0234375     		7	0
	88549.09375       		3	0
	88558.6171875     		3	0
	88574.890625      		7	0
	88574.8984375     		5	0
	88575.359375      		9	0
	88575.359375      		7	0
	88584.28125       		5	0
	88596.171875      		9	0
	88604.7578125     		5	0
	88606.3203125     		7	0
	88615.0234375     		3	0
	88625.0234375     		7	0
	88634.03125       		7	0
	88634.1171875     		9	0
	88638.3203125     		7	0
	88638.3203125     		5	0
	88638.9921875     		3	0
	88639.1015625     		5	0
	88641.3984375     		11	0
	88641.5           		9	0
	88645.359375      		5	0
	88645.3671875     		3	0
	88646.8984375     		3	0
	88648.3984375     		1	0
	88767.03125       		3	0
	88789.0           		5	0
	88790.859375      		3	0
	88836.1484375     		7	0
	88874.0           		5	0
	88913.5703125     		5	0
	88960.6484375     		1	0
	89054.171875      		5	0
	89081.296875      		5	0
	89081.640625      		1	0
	89081.9609375     		7	0
	89085.390625      		3	0
	89091.25          		3	0
	89101.8125        		5	0
	89101.828125      		7	0
	89101.8671875     		9	0
	89101.8671875     		7	0
	89121.8984375     		5	0
	89136.578125      		9	0
	89142.6796875     		5	0
	89144.03125       		7	0
	89149.3515625     		3	0
	89155.7109375     		7	0
	89162.1484375     		9	0
	89162.1484375     		7	0
	89162.6015625     		5	0
	89164.7421875     		3	0
	89164.921875      		7	0
	89164.921875      		5	0
	89167.203125      		11	0
	89167.203125      		9	0
	89169.203125      		1	0
	89169.9296875     		3	0
	89169.9296875     		5	0
	89170.0078125     		3	0
	89232.4296875     		3	0
	89299.1328125     		7	0
	89350.109375      		5	0
	89381.6328125     		1	0
	89431.4921875     		5	0
	89448.6015625     		5	0
	89448.6015625     		1	0
	89449.5390625     		7	0
	89451.8515625     		3	0
	89456.1484375     		3	0
	89505.9921875     		9	0
	89510.4609375     		5	0
	89513.3984375     		7	0
	89514.6875        		3	0
	89519.1484375     		7	0
	89523.3984375     		5	0
	89525.5625        		3	0
	89527.1015625     		3	0
	89529.296875      		1	0
	89555.5390625     		3	0
	89621.09375       		7	0
	89678.1328125     		1	0
	89698.0           		5	0
	89710.8984375     		3	0
	89711.3984375     		7	0
	89712.0           		1	0
	89713.203125      		5	0
	89716.328125      		3	0
	89769.5703125     		9	0
	89772.890625      		5	0
	89773.203125      		7	0
	89779.1015625     		7	0
	89783.078125      		3	0
	89783.3984375     		3	0
	89783.796875      		5	0
	89785.703125      		1	0
	89789.2265625     		3	0
	89895.6015625     		5	0
	89903.3984375     		3	0
	89905.046875      		7	0
	89905.3984375     		1	0
	89905.3984375     		5	0
	89906.5           		3	0
	89966.6875        		5	0
	89969.2578125     		3	0
	89970.0           		7	0
	89971.390625      		7	0
	89974.5234375     		3	0
	89975.8984375     		1	0
	89975.8984375     		3	0
	89976.0           		5	0
	90051.3984375     		3	0
	90051.53125       		7	0
	90051.6015625     		1	0
	90051.6015625     		5	0
	90054.3828125     		3	0
	90110.796875      		5	0
	90114.0           		7	0
	90115.5           		3	0
	90117.5           		7	0
	90118.0           		1	0
	90118.5           		5	0
	90118.5           		3	0
	90119.8671875     		3	0
	90162.796875      		3	0
	90165.6015625     		7	0
	90166.3984375     		1	0
	90166.3984375     		5	0
	90168.0078125     		3	0
	90228.703125      		7	0
	90229.0           		5	0
	90229.7578125     		3	0
	90230.0           		3	0
	90230.0           		1	0
	90230.1015625     		5	0
	90230.828125      		7	0
	90232.15625       		3	0
	90255.1015625     		5	0
	90255.296875      		1	0
	90256.578125      		7	0
	90257.203125      		3	0
	90259.1171875     		3	0
	90318.0           		7	0
	90318.0           		5	0
	90320.3984375     		3	0
	90320.65625       		7	0
	90322.3515625     		3	0
	90325.0           		5	0
	90325.0           		3	0
	90325.0           		1	0
	90326.0           		3	0
	90329.6796875     		7	0
	90330.1015625     		1	0
	90332.8984375     		5	0
	90389.0           		7	0
	90390.203125      		1	0
	90391.203125      		5	0
	90393.796875      		5	0
	90393.796875      		7	0
	90393.9296875     		7	0
	90395.40625       		3	0
	90395.8984375     		5	0
	90395.8984375     		1	0
	90395.8984375     		3	0
	90438.3203125     		7	0
	90453.0           		5	0
	90453.0           		7	0
	90453.1484375     		7	0
	90454.59375       		3	0
	90479.6328125     		7	0
	90500.796875      		5	0
	90502.71875       		7	0
	90503.0           		7	0
	90503.1171875     		3	0
	90514.203125      		7	0
	90543.203125      		7	0
	90543.203125      		5	0
	90543.8984375     		7	0
	90544.8828125     		3	0
	90545.6015625     		7	0
	90570.296875      		7	0
	90574.703125      		7	0
	90574.703125      		5	0
	90578.671875      		7	0
	90579.0           		3	0
	90592.46875       		7	0
	90605.1015625     		5	0
	90605.1015625     		7	0
	90609.6015625     		7	0
	90610.1015625     		3	0
	90634.5           		7	0
	90656.0           		7	0
	90675.796875      		7	0
	90692.4609375     		7	0
	90707.796875      		7	0
	90721.1015625     		7	0
	90732.921875      		7	0
	90743.8828125     		7	0
	90753.796875      		7	0
	0.0               		2	1
	63.39508819580078 		4	1
	43002.80078125    		2	1
	43024.8984375     		4	1
	43053.19921875    		6	1
	74930.078125      		6	1
	74932.6015625     		4	1
	96493.6484375     		2	1
	110624.1796875    		2	1
	110665.59375      		4	1
	116537.6484375    		2	1
	131724.375        		2	1
	131735.53125      		4	1
	142026.234375     		4	1
	145549.25         		4	1
	145550.703125     		6	1
	150461.578125     		6	1
	150466.703125     		4	1
	157234.046875     		2	1
	162517.90625      		2	1
	162524.5625       		4	1
	166967.15625      		2	1
	166990.734375     		4	1
	167035.734375     		6	1
	168124.171875     		4	1
	168124.375        		6	1
	168729.515625     		2	1
	168748.265625     		4	1
	168978.234375     		6	1
	168978.421875     		8	1
	173347.9375       		2	1
	175287.359375     		2	1
	175294.734375     		4	1
	177774.546875     		2	1
	177793.515625     		4	1
	178495.296875     		4	1
	178495.546875     		6	1
	178956.375        		6	1
	178956.453125     		8	1
	179073.015625     		8	1
	179073.09375      		10	1
	181264.234375     		2	1
	181696.6875       		2	1
	181711.046875     		4	1
	181736.0625       		6	1
	181772.40625      		8	1
	182023.890625     		2	1
	182043.390625     		4	1
	182992.90625      		2	1
	182993.125        		4	1
	184074.671875     		4	1
	184075.359375     		6	1
	184376.15625      		6	1
	184376.1875       		8	1
	184449.5          		8	1
	184449.546875     		10	1
	184464.109375     		10	1
	184464.109375     		12	1
	184691.0          		4	1
	185732.9375       		2	1
	186427.375        		2	1
	186443.703125     		4	1
	186466.03125      		6	1
	186745.359375     		2	1
	186746.328125     		4	1
	187353.40625      		4	1
	187353.40625      		6	1
	187641.875        		6	1
	187641.90625      		8	1
	187691.328125     		8	1
	187691.359375     		10	1
	187700.90625      		10	1
	187700.90625      		12	1
	187703.78125      		12	1
	187703.78125      		14	1
	188504.5          		2	1
	188581.265625     		4	1
	188615.015625     		6	1
	189761.84375      		6	1
	189761.84375      		8	1
	189795.171875     		8	1
	189795.1875       		10	1
	189801.921875     		10	1
	189801.9375       		12	1
	189803.734375     		12	1
	189803.734375     		14	1
	189804.453125     		14	1
	189804.453125     		16	1
	189808.0          		4	1
	189812.0          		6	1
	190341.40625      		2	1
	191210.0          		4	1
	191210.5          		6	1
	191213.28125      		6	1
	191213.296875     		8	1
	191237.234375     		8	1
	191237.25         		10	1
	191242.015625     		10	1
	191242.015625     		12	1
	191243.453125     		12	1
	191243.453125     		14	1
	191243.984375     		14	1
	191243.984375     		16	1
	192235.296875     		4	1
	192235.5          		6	1
	192251.078125     		6	1
	192251.078125     		8	1
	192268.75         		8	1
	192268.765625     		10	1
	192272.359375     		10	1
	192272.375        		12	1
	192273.28125      		12	1
	192273.28125      		14	1
	192273.6875       		14	1
	192273.6875       		16	1
	192995.59375      		4	1
	192995.703125     		6	1
	193018.078125     		6	1
	193018.078125     		8	1
	193031.6875       		8	1
	193031.6875       		10	1
	193034.40625      		10	1
	193034.40625      		12	1
	193035.21875      		12	1
	193035.21875      		14	1
	193035.53125      		14	1
	193035.53125      		16	1
	193596.09375      		4	1
	193596.203125     		6	1
	193601.234375     		6	1
	193601.234375     		8	1
	193612.15625      		8	1
	193612.15625      		10	1
	193614.109375     		10	1
	193614.109375     		12	1
	193614.734375     		12	1
	193614.734375     		14	1
	193614.984375     		14	1
	193614.984375     		16	1
	194055.40625      		6	1
	194055.40625      		8	1
	194063.625        		8	1
	194063.625        		10	1
	194065.234375     		10	1
	194065.234375     		12	1
	194065.734375     		12	1
	194065.734375     		14	1
	194065.9375       		14	1
	194065.9375       		16	1
	194413.796875     		6	1
	194413.796875     		8	1
	194422.09375      		8	1
	194422.09375      		10	1
	194423.1875       		10	1
	194423.1875       		12	1
	194423.578125     		12	1
	194423.578125     		14	1
	194423.734375     		14	1
	194423.734375     		16	1
	194640.203125     		4	1
	194640.203125     		6	1
	194705.515625     		6	1
	194705.515625     		8	1
	194710.875        		8	1
	194710.875        		10	1
	194711.9375       		10	1
	194711.9375       		12	1
	194712.265625     		14	1
	194712.265625     		12	1
	194712.40625      		16	1
	194712.40625      		14	1
	195752.625        		4	1
	195765.875        		6	1
	195785.75         		8	1
	195813.625        		10	1
	196557.953125     		2	1
	196563.40625      		4	1
	196571.8125       		6	1
	196581.9375       		8	1
	0.0               		1	2
	52367.05859375    		1	2
	52390.75          		3	2
	52447.109375      		5	2
	102352.0390625    		3	2
	137425.703125     		1	2
	137454.40625      		3	2
	137502.015625     		5	2
	145876.125        		5	2
	182519.875        		1	2
	238213.0          		3	2
	247170.265625     		1	2
	258931.296875     		3	2
	259705.546875     		1	2
	259711.21875      		3	2
	259724.296875     		5	2
	270010.84375      		3	2
	270011.9375       		5	2
	270014.75         		7	2
	276482.875        		5	2
	308216.59375      		1	2
	308248.90625      		3	2
	308317.28125      		5	2
	309457.15625      		3	2
	310006.3125       		3	2
	311721.5          		1	2
	317794.25         		1	2
	317796.5          		3	2
	317801.3125       		5	2
	319720.34375      		3	2
	321411.3125       		3	2
	321426.75         		5	2
	321450.0625       		7	2
	322003.6875       		5	2
	322009.59375      		7	2
	322017.96875      		9	2
	322404.1875       		3	2
	322702.03125      		7	2
	323076.875        		3	2
	323101.375        		5	2
	323140.34375      		7	2
	324212.5          		5	2
	327278.28125      		3	2
	329685.375        		1	2
	329706.46875      		3	2
	329743.5625       		5	2
	332691.28125      		5	2
	333118.21875      		5	2
	333387.0          		5	2
	333411.5625       		7	2
	333447.25         		9	2
	337655.96875      		3	2
	337668.875        		5	2
	337688.03125      		7	2
	338514.34375      		1	2
	339934.71875      		3	2
	340101.84375      		5	2
	340127.53125      		3	2
	340141.84375      		1	2
	341370.9375       		7	2
	343258.03125      		3	2
	344232.96875      		5	2
	344236.28125      		3	2
	344238.6875       		1	2
	345095.4375       		1	2
	345496.5625       		3	2
	345496.71875      		5	2
	345497.15625      		7	2
	346579.21875      		7	2
	346579.21875      		9	2
	346579.3125       		9	2
	346579.5          		11	2
	346658.34375      		5	2
	346712.71875      		3	2
	347151.875        		5	2
	347153.25         		7	2
	347155.40625      		9	2
	348860.0          		7	2
	354858.03125      		3	2
	357049.375        		1	2
	357050.15625      		3	2
	357051.21875      		5	2
	357109.6875       		3	2
	358097.78125      		3	2
	358097.78125      		5	2
	358097.78125      		7	2
	358692.1875       		9	2
	358692.1875       		7	2
	358692.1875       		9	2
	358692.40625      		11	2
	358732.9375       		5	2
	358776.3125       		11	2
	358776.3125       		9	2
	358776.3125       		11	2
	358776.3125       		13	2
	358850.03125      		5	2
	358850.3125       		7	2
	358850.75         		9	2
	359121.9375       		7	2
	363613.0          		3	2
	364896.0          		3	2
	365638.0          		3	2
	365638.0          		5	2
	365638.0          		7	2
	365998.40625      		7	2
	365998.40625      		9	2
	365998.40625      		11	2
	366028.0          		5	2
	366069.0          		5	2
	366069.0          		7	2
	366069.0          		9	2
	369926.0          		3	2
	370499.0          		3	2
	370499.0          		5	2
	370499.0          		7	2
	373828.0          		3	2
	373828.0          		5	2
	373828.0          		7	2
	376278.09375      		1	2
	376299.1875       		3	2
	376403.59375      		5	2
	381105.40625      		3	2
	381950.0          		3	2
	381971.0          		5	2
	382010.0          		7	2
	384345.0          		1	2
	384365.0          		3	2
	384405.40625      		5	2
	385638.09375      		5	2
	385817.1875       		5	2
	385826.0          		5	2
	385826.0          		7	2
	385826.0          		9	2
	0.0               		2	3
	64484.0           		2	3
	64591.69921875    		4	3
	302849.0          		2	3
	320050.09375      		2	3
	320081.6875       		4	3
	324879.8125       		4	3
	324890.3125       		6	3
	401348.09375      		2	3
	408311.09375      		2	3
	408324.1875       		4	3
	410336.09375      		4	3
	410340.09375      		6	3
	410434.1875       		8	3
	410434.1875       		6	3
	445368.5          		2	3
	448855.8125       		2	3
	448862.90625      		4	3
	449888.1875       		4	3
	449889.90625      		6	3
	449939.8125       		6	3
	449939.8125       		8	3
	449948.40625      		8	3
	449948.40625      		10	3
	468784.0          		2	3
	470775.0          		2	3
	470778.90625      		4	3
	471370.3125       		4	3
	471371.5          		6	3
	471403.1875       		6	3
	471403.1875       		8	3
	471406.15625      		8	3
	471406.15625      		10	3
	471406.8125       		12	3
	471406.8125       		10	3
	482706.0          		2	3
	483948.40625      		2	3
	483950.8125       		4	3
	484320.59375      		4	3
	484320.59375      		6	3
	484343.5          		6	3
	484343.5          		8	3
	484345.40625      		8	3
	484345.40625      		10	3
	484345.84375      		10	3
	484345.84375      		12	3
	484345.96875      		12	3
	491650.8125       		2	3
	492477.6875       		2	3
	492479.3125       		4	3
	492728.5          		6	3
	492728.5          		4	3
	492742.1875       		8	3
	492742.1875       		6	3
	492743.5          		10	3
	492743.5          		8	3
	492743.78125      		12	3
	492743.78125      		10	3
	492743.875        		14	3
	492743.875        		12	3
	497736.6875       		2	3
	498314.59375      		2	3
	498315.6875       		4	3
	498490.59375      		6	3
	498490.59375      		4	3
	498500.3125       		8	3
	498500.3125       		6	3
	498501.15625      		10	3
	498501.15625      		8	3
	498501.375        		10	3
	498501.4375       		12	3
	498501.4375       		14	3
	502412.0          		2	3
	502412.0          		4	3
	502598.0          		4	3
	502598.0          		6	3
	505510.0          		2	3
	505510.0          		4	3
	505696.0          		4	3
	505696.0          		6	3
	507717.0          		4	3
	507717.0          		2	3
	508018.0          		4	3
	508018.0          		6	3
	509502.0          		2	3
	509502.0          		4	3
	509821.0          		6	3
	509821.0          		4	3
	511254.0          		4	3
	511254.0          		6	3
	0.0               		1	4
	2411292.75        		3	4
	2455053.0         		1	4
	2455179.0         		3	4
	2455191.5         		1	4
	2455314.75        		5	4
	2483400.75        		3	4
	2839589.75        		3	4
	2851173.0         		1	4
	2851424.25        		3	4
	2851425.75        		1	4
	2851464.5         		5	4
	2857323.5         		3	4
	2857324.5         		5	4
	2857336.0         		7	4
	2857555.5         		5	4
	2859389.25        		3	4
	2983556.75        		3	4
	2988241.75        		1	4
	2988382.0         		3	4
	2988382.25        		1	4
	2988398.75        		5	4
	2990814.5         		3	4
	2990815.5         		5	4
	2990819.25        		7	4
	2990941.5         		5	4
	2990941.75        		7	4
	2990943.0         		5	4
	2990945.5         		9	4
	2990947.75        		7	4
	2991677.25        		3	4
	3048945.75        		3	4
	3051294.25        		1	4
	3051374.0         		1	4
	3051374.0         		3	4
	3051382.5         		5	4
	3052605.0         		5	4
	3052605.0         		3	4
	3052606.25        		7	4
	3052674.25        		5	4
	3052680.5         		7	4
	3052681.0         		5	4
	3052682.0         		7	4
	3052682.0         		9	4
	3052686.0         		9	4
	3052686.5         		7	4
	3052686.75        		11	4
	3052687.0         		9	4
	3053045.0         		3	4
	3084069.25        		3	4
	3085411.5         		1	4
	3085460.25        		1	4
	3085460.25        		3	4
	3085465.25        		5	4
	3086166.75        		3	4
	3086167.0         		5	4
	3086167.75        		7	4
	3086198.25        		5	4
	3086213.5         		7	4
	3086213.75        		5	4
	3086214.0         		7	4
	3086214.25        		9	4
	3086216.25        		9	4
	3086216.5         		7	4
	3086217.0         		11	4
	3086217.0         		9	4
	3086219.25        		11	4
	3086219.25        		9	4
	3086219.5         		13	4
	3086219.75        		11	4
	3086422.0         		3	4
	3105089.5         		3	4
	3105927.5         		1	4
	3105959.75        		1	4
	3105959.75        		3	4
	3105962.75        		5	4
	3106403.5         		3	4
	3106403.5         		5	4
	3106404.0         		7	4
	3106428.5         		5	4
	3106435.25        		9	4
	3106435.25        		7	4
	3106435.25        		9	4
	3106435.25        		11	4
	3106437.25        		11	4
	3106437.25        		9	4
	3106437.25        		11	4
	3106437.25        		13	4
	3106437.5         		13	4
	3106437.5         		11	4
	3106437.5         		13	4
	3106437.5         		15	4
	3106563.25        		3	4
	3118659.5         		3	4
	3119218.5         		1	4
	3119239.75        		1	4
	3119239.75        		3	4
	3119242.0         		5	4
	3119536.0         		3	4
	3119536.0         		5	4
	3119536.5         		7	4
	3119553.0         		5	4
	3119559.0         		11	4
	3119559.0         		9	4
	3119559.0         		13	4
	3119559.0         		11	4
	3119559.25        		13	4
	3119559.25        		11	4
	3119559.25        		13	4
	3119559.25        		15	4
	3119643.0         		3	4
	3127925.25        		3	4
	3128316.0         		1	4
	3128331.25        		1	4
	3128331.5         		3	4
	3128332.75        		5	4
	3128539.0         		3	4
	3128539.0         		5	4
	3128539.25        		7	4
	3128551.0         		5	4
	3128614.25        		3	4
	3134532.0         		3	4
	3134816.0         		1	4
	3134827.25        		1	4
	3134827.25        		3	4
	3134828.25        		5	4
	3134978.25        		3	4
	3134978.25        		5	4
	3134978.5         		7	4
	3134987.0         		5	4
	3135033.0         		3	4
	0.0               		2	5
	2963878.25        		2	5
	2963904.25        		2	5
	2964353.25        		4	5
	3512921.75        		2	5
	3512929.75        		2	5
	3513062.25        		4	5
	3513062.5         		4	5
	3513109.25        		6	5
	3705067.75        		2	5
	3705071.0         		2	5
	3705127.0         		4	5
	3705127.25        		4	5
	3705146.75        		6	5
	3705146.75        		6	5
	3705156.75        		8	5
	3793995.75        		2	5
	3793997.25        		2	5
	3794026.0         		4	5
	3794026.0         		4	5
	3794036.0         		6	5
	3794036.25        		6	5
	3794041.25        		8	5
	3794041.25        		8	5
	3794044.25        		10	5
	3842298.75        		2	5
	3842299.75        		2	5
	3842316.25        		4	5
	3842316.25        		4	5
	3842322.25        		6	5
	3842322.25        		6	5
	3842325.0         		8	5
	3842325.0         		8	5
	3842326.75        		10	5
	3842326.75        		10	5
	3842328.0         		12	5
	3871422.25        		2	5
	3871423.0         		2	5
	3871433.5         		4	5
	3871433.5         		4	5
	3871437.0         		6	5
	3871437.0         		6	5
	3871439.0         		8	5
	3871439.0         		8	5
	3871440.0         		10	5
	3871440.0         		10	5
	3871440.75        		12	5
	3871440.75        		12	5
	3871441.25        		14	5
	3890324.0         		2	5
	3890324.25        		2	5
	3890331.25        		4	5
	3890331.25        		4	5
	3890333.75        		6	5
	3890333.75        		6	5
	3890335.0         		8	5
	3890335.0         		8	5
	3890335.75        		10	5
	3890335.75        		10	5
	3890336.25        		12	5
	3890336.25        		12	5
	3890336.5         		14	5
	3890336.5         		14	5
	3890336.75        		16	5
	3903282.25        		2	5
	3903282.5         		2	5
	3903287.5         		4	5
	3903287.5         		4	5
	3903289.25        		6	5
	3903289.25        		6	5
	3903290.0         		8	5
	3903290.0         		8	5
	3903290.5         		10	5
	3903290.5         		10	5
	3903291.0         		12	5
	3903291.0         		12	5
	3903291.25        		14	5
	3903291.25        		14	5
	3903291.5         		16	5
	3903291.5         		16	5
	3903291.5         		18	5
	3912551.0         		2	5
	3912551.25        		2	5
	3912555.0         		4	5
	3912555.0         		4	5
	3912556.25        		6	5
	3912556.25        		6	5
	3912556.75        		8	5
	3912556.75        		8	5
	3912557.25        		10	5
	3912557.25        		10	5
	3912557.5         		12	5
	3912557.5         		12	5
	3912557.5         		14	5
	3912557.5         		14	5
	3912557.75        		16	5
	3912557.75        		16	5
	3912557.75        		18	5
	3912557.75        		18	5
	3912558.0         		20	5
	3919408.75        		2	5
	3919409.0         		2	5
	3919411.75        		4	5
	3919411.75        		4	5
	3919412.5         		6	5
	3919412.5         		6	5
	3919413.0         		8	5
	3919413.0         		8	5
	3919413.25        		10	5
	3919413.25        		10	5
	3919413.5         		12	5
	3919413.75        		12	5
	3919413.75        		14	5
	3919413.75        		14	5
	3919413.75        		16	5
	3919413.75        		16	5
	3919414.0         		18	5
	3919414.0         		18	5
	3919414.0         		20	5
	3919414.0         		20	5
	3919414.0         		22	5
	3924624.5         		2	5
	3924624.75        		2	5
	3924628.5         		24	5
	3928683.5         		2	5
	3928683.75        		2	5
	3928686.75        		26	5
	3931904.25        		2	5
	3931904.25        		2	5
	3931906.75        		28	5
	3934502.5         		2	5
	3934502.5         		2	5
	3934504.5         		30	5
	3936629.0         		2	5
	3936629.0         		2	5
	3936630.5         		32	5
	3938391.25        		2	5
	3938391.25        		2	5
	3938392.75        		34	5
	3939868.0         		2	5
	3939868.0         		2	5
	3939869.25        		36	5
	3941117.75        		2	5
	3941118.0         		2	5
	3941119.0         		38	5
	3942185.0         		2	5
	3942185.0         		2	5
	3942185.75        		40	5
